61.0
85.66666666666667
56.666666666666664
43.666666666666664
50.0
70.66666666666667
70.66666666666667
79.33333333333333
61.333333333333336
59.666666666666664
51.0
38.666666666666664
72.66666666666667
65.0
69.33333333333333
72.33333333333333
64.66666666666667
65.33333333333333
70.33333333333333
72.0
83.0
43.666666666666664
56.666666666666664
63.0
67.66666666666667
50.333333333333336
67.0
55.0
62.666666666666664
78.66666666666667
79.66666666666667
66.0
71.0
73.33333333333333
66.0
60.0
59.666666666666664
58.0
74.33333333333333
57.666666666666664
65.33333333333333
64.0
75.0
69.66666666666667
32.666666666666664
56.0
57.0
57.0
71.66666666666667
57.333333333333336
60.333333333333336
86.33333333333333
60.0
40.0
66.0
43.666666666666664
64.33333333333333
53.666666666666664
79.33333333333333
50.0
46.0
64.0
67.0
74.0
46.666666666666664
79.0
65.66666666666667
59.333333333333336
43.333333333333336
34.0
71.33333333333333
55.333333333333336
70.66666666666667
58.666666666666664
62.666666666666664
46.666666666666664
53.0
79.33333333333333
46.666666666666664
55.666666666666664
64.0
79.33333333333333
61.666666666666664
59.666666666666664
85.66666666666667
59.333333333333336
74.66666666666667
43.666666666666664
49.333333333333336
92.33333333333333
53.333333333333336
71.66666666666667
71.0
69.33333333333333
59.666666666666664
53.666666666666664
63.333333333333336
43.333333333333336
42.333333333333336
37.0
66.0
82.33333333333333
74.66666666666667
65.66666666666667
63.666666666666664
50.0
55.666666666666664
57.333333333333336
75.33333333333333
71.0
72.33333333333333
64.0
63.666666666666664
56.333333333333336
62.0
74.33333333333333
37.666666666666664
81.33333333333333
78.66666666666667
35.666666666666664
57.666666666666664
70.33333333333333
64.0
60.666666666666664
68.66666666666667
49.0
68.33333333333333
61.666666666666664
58.333333333333336
64.66666666666667
51.333333333333336
42.666666666666664
53.666666666666664
81.0
59.666666666666664
58.666666666666664
75.0
71.33333333333333
63.0
70.33333333333333
88.66666666666667
75.0
76.66666666666667
58.666666666666664
64.66666666666667
63.666666666666664
53.333333333333336
61.333333333333336
72.0
50.0
76.0
56.0
80.0
58.0
39.666666666666664
51.0
71.33333333333333
76.66666666666667
82.0
72.0
40.333333333333336
94.33333333333333
88.0
61.0
83.33333333333333
82.33333333333333
65.33333333333333
64.0
62.333333333333336
89.33333333333333
67.0
41.333333333333336
59.0
50.0
50.666666666666664
65.0
52.666666666666664
44.0
94.33333333333333
40.333333333333336
67.33333333333333
64.66666666666667
80.66666666666667
75.0
52.333333333333336
60.666666666666664
78.66666666666667
66.0
76.66666666666667
43.0
67.33333333333333
68.0
57.666666666666664
47.333333333333336
53.666666666666664
61.666666666666664
53.666666666666664
61.333333333333336
63.2979797979798 65.44444444444444 60.51010101010101 